7898917734339
7898917734339
7898917734339
7898917734339
7898917734322
7898917734551
7899732502066
7899732502080
7899732502080
7899732502080
7899732502059
7899732502066
7898682040956
7898682040956
7898491034634
7898491034634
7898491034634
7898682042745
7898682042745
7898682042745
7898682042745
7898682042745
7898682042745
7898682042745
7898682042745
7898682042745
7898682042745
7898682042745
7898682042745
7898682042745
7898682042745
7898682042745
7898682042745
7898682042745
7898682042745
7898682042745
7898521195960
7898521195960
7898521195960
7898521195960
7898521195960
7898521195960
7898521195960
7898521195960
7899548500034
7899548500034
7899548500034
7899548500034
7899548500034
7899548500034
7899548500034
7899548500034
7899548500034
7899548500034
7899548500034
7899548500034
7899548500034
7899548500034
7899548500034
7899548500034
7899548500034
7899548500034
7899548500034
7899548500034
7899548500034
7899548500034
7899548500034
7899548500034
7899548500034
7899548500034
7898917919224
7898917919224
7898917918777
7898955662496
7898955662496
7898955662694
7898521196011
7898521196011
7898521196004
7898521196004
7898521196004
7898521196004
7898521196004
7898521196004
7898521196004
7898481300039
7899548503028
7899548503028
7899548503028
7899548503028
7899548503028
7899548503028
7899548502977
7899548502977
7899548502977
7899548502977
7898682042691
7898682042691
7898682042691
7898682042691
7898965193317
7898965193317
7898965193317
7898965193317
7898682042707
7898682042707
7898682041359
7898682041342
7898955662410
7891126001537
7891126001537
7891126001537
7891126001537
7891126001537
7891126001537
7896183302030
7896183302030
7896183302030
7896183302030
7896183302030
7898906118041
7898906118041
7898906118041
7898906118072
7898906118072
7898906118072
7898906118072
7898906118041
7898104093164
7898104093164
7898104093164
7898104093157
7898104093171
7898104093171
7898104093171
7898965193133
7898965193317
7898491033125
7898491033125
7898269440490
7898269440490
7898269440490
7898269440490
7898269440490
7898269440452
7898269440452
7898269440452
7898269440452
7898269440490
7898269440490
7898269440483
7898269440483
7898104093690
7898104093690
7898104093270
7898104093270
7898104093683
7898104093683
7896183312114
7896183312114
7898275016535
7898275016535
7898275016542
7898275016542
7898275016542
7898275016559
7898275016559
7898275016559
7897085900393
7897085912044
7897085902205
7897085902205
7897085911931
7897085911931
7897085902250
7897085912051
7898682041489
7898682041489
7898682041489
7898682041489
7898682041489
7898682041489
7898682041489
7898682041489
7898682041533
7898682041533
7898682041533
7898682041533
7898682041533
7898682041533
7898682041533
7898682041533
7898682041526
7898682041526
7898682041526
7898682041526
7898682041526
7898682041526
7898682041526
7898682041526
7898682041519
7898682041519
7898682041519
7898682041519
7898682041519
7898682041519
7898682041519
7898682041519
7898682041519
7898682041519
7898682041519
7898682041519
7898682041502
7898682041502
7898682041502
7898682041502
7898682041502
7898682041502
7898682041502
7898682041502
7898682041502
7898682041502
7896183308803
7896183308803
7896183308797
7896183308797
7896183308797
7896183308797
7896183308797
7896183308797
7896183308797
7896183308797
7896183308841
7896183308841
7896183308841
7896183308841
7896183308841
7896183308810
7896183308810
7898285571680
7898285571680
7898285571680
7898285571383
7898285571383
7898285571802
7898285571802
7898285571833
7898285571833
7898285571833
7898574023906
7898574025733
7898574025740
7898574024200
7898574023876
7898574024194
7898574023913
7898574025238
7896720320015
7898031810056
7897085901369
7898315810345
7898275013848
7898031810452
7898031810032
7898315810352
7898312701592
7897085903264
7897085903264
7897085903264
7898947139432
7897085911764
7898275014784
7898285572212
7898574024798
7898104095939
7898285571918
7896183312121
7898104096936
7898104098701
7898104098718
7898960301434
7896183311896
7896183311896
7896183312879
7898285573905
7898912289469
7898104094819
7898104094819
7898574025252
7898275011530
7898574023920
7898574025078
7898285573394
7898285573400
7898104093492
7898104093492
7898104093492
7898104093492
7898285570379
7898285570379
7898285570379
7896183302139
7897085900294
7898104092488
7898104092488
7898285571376
7898285571376
7896183312893
7896183312893
7896183306786
7896183306786
7896183309022
7896183309022
7897085911870
7897085911870
7897085911962
7897085911962
7896183307431
7896183307431
7896183307431
7898104098787
7898104098787
7898104098787
7898645220630
7898645220630
7898645220630
7898645220630
7898645220630
7898645220630
7897520009216
7897520009216
7897520009216
7897520009216
7897520009216
7897520009193
7897520009193
7897520009193
7897520009193
7897520013039
7897520013039
7897520013039
7897520013039
7897520009124
7897520009124
7897520100241
7897520100241
7897520100128
7897520100128
7897520011622
7897520011622
7897520011622
7897520011622
7897520009162
7897520009162
7897520009162
7897520009162
7897520012131
7897520012131
7897520009148
7897520009148
7898285571956
7898285571956
7898285571048
7898285571673
7898285571840
7898285572496
7898285572496
7898285572403
7898285572458
7898285572410
7898285572410
7898285572465
7898285572465
7898285573042
7898285573042
7898104092402
7898104092402
7898104092402
7898104092402
7898104092440
7898104092440
7898104092440
7898104092440
7898104092440
7898104092440
7898104092440
7898104092419
7898104092419
7898104092419
7898104092419
7898104092419
7898104092419
7898104092419
7898104092419
7898104092426
7898104092426
7898104092426
7898104092426
7898104092426
7898104092426
7898104093508
7898104093508
7898104093508
7898104093508
7898104093508
7898104093508
7898104092297
7898104092297
7898104092297
7898104092297
7896183301132
7896183301132
7896183301132
7896183301132
7896183301132
7896183301132
7896183301132
7896183301767
7896183306748
7896183306748
7896183306748
7896183306748
7896183306748
7896183306748
7896183306762
7896183306762
7896183301385
7896183301385
7896183301385
7896183306755
7896183306755
7896183300821
7896183300821
7896183300821
7896183300821
7896183300852
7896183300852
7896183300852
7896183300852
7896183304911
7896183304911
7896183304911
7896183304928
7896183304928
7896183308728
7896183308728
7896183308728
7896183304935
7896183304935
7896183304935
7896183304942
7896183304942
7896183304942
7896183304942
7896183304966
7896183304966
7896183304966
7896183304966
7898955662540
7898955662540
7898955662540
7898955662540
7898955662540
7898955662540
7898955662540
7898955662540
7898955662557
7898955662557
7898955662557
7898955662557
7898955662557
7898955662557
7898955662571
7898955662571
7898955662571
7898955662571
7898955662571
7898955662571
7898275011479
7898275011479
7898275011479
7898275011479
7896183301118
7896183301118
7896183301101
7896183301101
7896183309282
7896183309282
7896183309282
7896183309282
7896183309282
7896183309190
7896183309190
7896183309190
7896183309343
7896183305055
7896183305055
7896183305055
4011905045917
4011905045917
4011905320205
8711355117139
8711355117139
8711355117153
8711355117153
8711355117153
7898464262682
7898464262682
7898464262682
22517437452
4897030554049
4897030554049
7898921898331
7898921898331
7898921898331
7898921898515
7898921898515
7898921898515
7898921898539
7898490094981
4897030554636
7898491034689
7898491034689
4897030554636
4897030554636
4897030554636
7898490092352
7898490092369
7898490092352
7898960232387
7898960232387
7898960232387
7898960232707
7898960232707
7898960232707
7898960232400
7898960232400
7898960232400
7898960232059
7898960232059
7898960232059
7898960232301
7898960232301
7898960232318
7898960232318
7898960232295
7898960232295
7898960232295
7898960232028
7898643313686
742832414166
7898239290476
7898239290209
7894945662057
7894945662057
7894945662057
7898231361099
7898231361099
7896591000702
7896591000719
7896591000719
7896591000719
7893595946517
7896591000962
7896591000832
7896591000832
7896591000788
7896591000276
7896591000276
7896591000276
7896591000276
7896591000634
7896591000269
7896591000269
7898965608569
7898965608330
7898994627531
7898994627517
7898965608385
7898965608408
7893595946524
7893595946531
7893595946531
7898965608422
7898234020153
7896591000856
7896591000856
7898234025516